0.578 1.86429
1.418 2.02209
2.778 2.07532
4.618 2.17725
5.138 1.95196
5.458 1.83084
6.298 1.95038
7.178 2.07349
7.498 1.84903
7.938 1.87872
8.578 1.96676
9.338 1.91467
10.618 2.00833
11.058 1.81342
11.938 2.03638
12.898 1.94589
13.818 1.81458
14.698 2.16021
15.178 2.07617
15.618 1.82941
16.498 1.92792
18.138 1.95935
19.178 1.88455
19.858 1.93912
20.138 1.81613
21.458 1.98358
23.178 1.89282
23.578 1.91989
24.418 1.80374
25.298 2.11801
26.178 2.0087
26.698 1.99018
27.858 1.97903
28.578 1.96515
29.858 1.93958
31.058 1.91647
31.618 1.97678
32.458 1.80277
33.298 1.9429
34.138 1.92166
35.018 1.94239
36.458 2.16998
38.018 2.0318
38.458 1.83743
39.538 1.9733
40.618 1.94421
41.178 1.99948
42.618 1.8887
43.298 1.91281
43.778 1.84576
43.938 1.83243
44.658 2.0491
45.698 1.89896
46.698 1.91455
47.458 1.94263
47.818 1.95953
48.458 1.832
49.618 2.24317
50.898 2.01999
51.458 1.90894
52.298 1.95462
53.298 1.82843
54.018 2.18097
54.778 1.8771
55.738 1.92844
56.978 2.20035
58.978 2.29715
60.658 2.0658
61.138 1.93039
62.538 2.08575
63.058 2.04996
64.258 2.08356
65.738 1.96512
66.338 1.9762
66.858 1.91739
67.618 2.10242
68.898 1.99063
69.858 1.90204
70.658 1.97418
71.218 1.85956
71.858 1.88526
73.978 2.09872
75.058 2.01724
75.818 2.2442
76.458 1.93536
76.858 1.93066
77.458 1.97238
78.578 1.87439
79.218 1.87237
79.858 2.09915
80.378 1.97815
81.058 1.81595
81.178 1.82019
82.098 1.84293
83.178 1.88986
83.778 1.85507
84.818 1.93219
85.218 1.90772
86.378 1.98007
87.218 2.17386
88.538 2.19552
88.778 1.86291
89.578 2.02865
90.098 2.09418
90.538 1.80099
91.378 1.81634
92.098 1.95499
92.778 2.00571
94.418 2.25281
95.058 1.9997
96.138 1.96622
97.178 1.92993
97.698 1.93775
98.938 1.92978
99.818 1.83408
100.818 2.17996
101.418 1.8421
102.218 1.99201
103.498 2.01425
104.098 1.90851
104.458 1.80179
106.178 1.97409
106.938 1.93649
108.458 1.87164
109.018 1.85565
109.778 1.89349
111.458 1.82346
111.978 1.96146
112.418 1.84152
114.018 1.82474
115.098 2.02225
115.298 1.85858
115.738 1.87647
116.698 2.00302
117.338 1.91205
118.778 2.23047
120.618 2.06866
121.738 2.09863
122.658 2.01193
123.378 1.97287
123.858 1.86054
124.338 1.96417
126.418 1.82044
127.418 2.21399
128.138 2.04736
128.898 1.88471
130.338 2.29736
131.658 2.00549
132.258 2.16199
133.578 1.8385
134.058 1.83902
134.818 2.00421
135.458 1.82724
136.298 1.91064
137.018 2.05563
138.098 1.92636
138.738 1.93015
139.818 1.98807
140.458 1.9075
141.418 1.9368
142.258 1.90869
143.138 1.89163
144.498 2.31381
145.178 1.8013
146.778 2.20572
147.658 2.03967
148.218 2.01807
148.458 1.83557
149.258 1.96808
150.378 1.86591
151.018 1.81082
151.738 2.05435
152.698 1.85886
153.458 1.80753
154.938 2.13831
155.338 1.90417
156.218 2.15378
156.698 1.90018
157.298 1.91916
157.658 1.82452
158.378 1.82736
159.098 2.09735
159.658 1.81116
160.778 2.23785
161.578 1.83057
162.618 2.28757
163.738 1.83682
165.018 2.11017
165.458 1.9079
165.938 1.93448
167.618 2.19522
168.298 2.01251
169.458 1.99503
170.498 1.8013
171.018 1.85556
171.658 1.83813
172.418 1.84775
174.298 2.1936
175.498 2.01694
176.298 1.90842
177.178 1.85052
178.298 2.16989
179.338 2.26715
179.898 1.89621
181.178 1.83047
182.098 2.03537
182.938 2.19495
184.178 1.91846
184.938 1.87967
185.658 2.14731
186.578 2.07352
187.818 1.91788
189.458 2.20224
190.058 1.98315
191.778 1.98773
192.578 1.88135
193.138 1.91852
193.538 1.82092
194.778 2.25802
195.178 1.96716
195.698 1.8212
196.378 1.95285
197.258 1.88827
198.178 1.82779
200.138 2.03653
201.018 1.89484
201.498 1.90271
202.018 1.83353
203.138 1.86777
203.698 1.92355
204.418 1.98505
206.418 1.97034
206.858 1.90112
208.098 1.95788
208.898 2.02136
209.898 1.93921
210.618 1.93085
212.338 1.86157
213.138 1.86804
214.498 2.04932
216.178 1.80392
216.538 1.80985
217.538 1.90125
218.258 1.93487
219.138 2.02212
220.138 1.90381
220.658 1.85053
221.898 1.9845
222.418 1.87567
222.858 1.98792
223.738 1.86178
224.538 1.89136
225.418 2.0141
226.498 1.93307
227.858 1.89429
229.138 1.94968
231.338 2.20905
233.298 1.87515
234.418 2.0589
234.978 1.86777
236.418 1.8396
237.938 2.00818
238.378 1.89627
239.258 2.00238
240.458 2.22824
242.098 2.10272
242.538 2.00351
243.258 1.91415
243.898 1.92902
244.658 1.86075
245.538 2.09161
246.378 1.84406
247.018 2.13806
248.338 2.03131
249.538 1.88226
250.578 2.05618
251.738 1.90512
252.138 1.83148
252.778 1.9512
253.778 2.08579
254.658 1.86087
255.418 1.95236
256.178 1.94098
257.178 1.92062
258.258 2.16226
258.738 1.86035
259.498 1.92944
260.378 2.01694
262.098 2.27954
263.778 1.93411
264.098 1.92538
265.178 2.11395
265.818 1.80386
266.938 1.87201
267.538 1.87402
268.138 1.88626
269.218 2.05374
270.418 2.01419
271.098 1.85168
271.978 1.84473
272.778 1.90759
273.658 2.05679
274.858 2.04733
275.498 1.83167
276.178 1.84448
277.538 1.87457
277.858 1.8281
278.298 1.88959
279.018 1.94345
279.738 1.8606
281.138 2.03695
281.858 1.83795
282.898 2.25555
284.338 1.94724
284.538 1.80698
285.938 1.99551
286.578 2.15921
287.058 1.99411
287.658 2.03595
288.178 1.87518
289.138 1.98599
289.978 1.85254
290.938 1.99118
291.658 1.90137
292.258 1.83496
293.018 1.92975
293.938 1.97888
294.858 1.82007
295.858 2.21753
297.058 1.94125
297.978 2.13913
298.898 1.80206
299.618 2.03088
300.938 1.94107
302.298 1.93652
303.058 1.81869
304.098 1.87771
304.658 1.99472
305.138 1.82541
306.338 1.85428
306.898 1.86114
307.498 1.81348
308.018 1.97821
308.778 1.9808
309.578 2.01291
310.698 1.90283
311.418 1.96011
312.378 1.86432
312.978 1.9426
313.898 2.04471
314.978 1.98669
315.738 1.8382
316.538 1.85437
317.218 1.91721
318.618 2.21054
319.218 1.85526
320.338 2.15726
320.938 1.92496
321.658 1.88278
323.218 2.01269
323.618 1.88049
324.818 2.00909
325.938 1.87903
326.658 1.99936
328.338 1.99731
329.018 2.15009
330.618 2.04746
332.178 1.91614
332.618 1.89972
334.338 2.09329
335.058 1.90424
335.538 1.81174
336.258 1.98663
337.258 1.9986
338.058 2.01184
339.178 1.99777
339.498 2.04398
340.578 1.85907
342.138 1.94363
342.738 1.9396
344.378 1.82919
344.738 1.81711
346.378 2.02853
346.858 2.09112
348.018 2.10104
348.818 1.94122
349.818 1.83597
350.778 2.04822
352.218 1.8114
352.858 1.94373
353.858 1.94971
354.938 1.92965
355.698 2.1655
357.418 2.10129
358.658 2.23798
359.098 1.95334
360.098 1.92804
360.698 1.93591
362.258 2.04349
363.538 1.98239
364.738 1.99521
365.418 1.896
367.658 2.2597
368.218 1.99054
369.298 1.91318
370.058 1.95804
370.818 1.90112
371.898 2.16324
373.218 2.05585
373.738 2.08911
376.418 1.99759
377.338 1.85281
378.498 1.82532
379.738 1.96637
380.258 2.02872
381.378 2.03622
382.538 2.02094
383.218 1.89182
384.218 2.00302
385.098 1.97464
385.618 1.85913
386.618 1.91013
387.138 2.06708
387.618 1.81076
388.338 1.86139
389.058 2.06662
390.258 2.06162
390.898 2.07977
391.498 2.1514
392.858 1.81119
394.458 2.12201
395.018 1.97845
396.298 1.91779
396.738 1.9407
397.898 2.02164
399.418 1.8187
400.178 1.85895
401.538 1.8902
402.218 1.86282
403.418 1.90735
404.138 1.98541
405.178 1.87759
406.418 1.98901
407.218 1.80542
408.338 1.94257
409.418 1.89645
410.218 1.9371
412.298 2.17886
412.858 1.88455
413.338 1.89529
414.538 2.12173
415.578 1.96695
416.338 1.97409
416.578 1.83057
418.218 2.05121
418.698 1.93661
419.378 1.80756
420.458 2.27594
421.658 1.88089
422.338 1.96121
423.138 1.81808
423.938 1.80313
424.698 1.95285
425.058 1.85883
425.698 1.8862
426.818 1.91702
427.578 2.06876
428.418 1.84702
429.498 2.16477
430.218 1.97165
430.978 1.89136
431.498 1.85446
431.978 1.80115
433.178 2.07846
435.258 2.10718
436.098 1.97287
436.698 2.00055
437.018 1.84354
438.378 2.08294
439.618 1.98682
440.338 2.0206
441.778 1.8092
443.178 2.00391
444.058 1.83636
444.898 1.81778
447.338 1.89517
448.898 2.2796
450.298 2.26086
451.538 1.82492
453.338 1.97733
454.898 1.99225
456.578 1.88245
457.578 1.89551
458.258 1.84677
459.818 1.89472
461.098 2.2272
461.498 1.80207
462.778 2.20251
463.458 2.05563
463.698 1.95944
464.778 1.92944
465.338 2.02911
466.578 1.95184
467.258 1.87903
468.538 2.06042
470.618 2.0192
471.138 1.90375
471.858 1.93347
472.658 1.86139
473.858 1.90848
474.298 2.0003
475.298 1.98886
475.978 1.88593
477.298 1.95957
478.778 2.19205
479.338 1.80981
479.818 1.80087
480.538 1.93842
481.618 1.88602
482.938 2.26898
483.538 1.8071
484.138 1.91629
484.818 1.89102
485.658 1.98407
486.298 2.00363
487.218 1.84524
487.738 1.98987
488.138 1.8038
489.218 2.25201
489.698 1.82089
490.258 1.84439
491.178 1.98035
491.858 1.90491
492.938 2.11957
493.578 1.83084
495.298 2.10669
496.138 2.05099
497.858 2.13785
498.698 1.94165
498.858 1.92761
499.538 1.8822
500.338 1.98794
501.058 1.97616
502.338 2.08936
502.778 1.90292
503.698 1.85126
504.258 1.84491
505.378 1.97003
505.778 1.91342
506.778 1.83398
507.418 1.9339
508.218 1.99472
510.098 2.05649
511.498 2.22513
513.178 1.91571
514.498 2.02026
514.978 1.8457
516.218 2.22852
517.378 1.97083
518.138 1.88934
518.538 1.91937
519.178 1.83191
519.978 2.00006
521.018 2.03534
521.898 1.87592
522.578 1.87695
523.378 1.9581
524.338 1.90128
525.018 1.87845
525.938 2.06259
527.098 2.15219
527.658 1.82758
528.498 1.91269
528.898 1.87634
530.058 1.87976
531.498 1.89472
532.218 1.90942
533.698 2.06171
534.098 1.94763
535.418 1.93033
536.738 1.98785
537.858 1.88608
538.258 1.96091
539.938 2.03918
541.298 1.83038
543.058 1.95123
543.938 1.86624
545.218 2.24402
546.418 1.93732
547.018 2.14868
548.738 1.83597
549.938 1.92819
550.218 1.96848
551.018 1.81067
552.058 2.01846
552.778 1.94406
554.298 2.06174
555.098 1.94778
555.738 1.83032
556.258 1.92661
557.218 1.81302
558.378 2.05267
559.458 2.08151
560.418 1.83716
561.458 1.82822
563.538 2.11111
564.858 2.22604
565.178 2.06635
565.858 1.80344
566.618 1.84085
566.978 1.84052
568.618 1.80713
570.178 1.83227
571.058 1.89325
572.178 1.85086
572.858 1.92831
573.738 1.86758
574.498 1.91342
575.258 1.88879
576.858 2.02344
578.618 2.20145
579.738 2.1265
580.938 1.97165
581.138 1.80258
581.818 2.01425
583.538 2.02832
584.818 2.20599
585.298 2.15094
586.218 1.95017
586.658 1.83664
587.778 2.26678
589.018 1.86395
589.618 1.82104
591.618 2.02252
592.778 2.12948
593.218 1.8854
594.378 2.22232
595.178 1.90237
595.978 1.95718
596.858 2.08572
598.018 2.0633
598.538 2.03934
599.378 1.84653
599.938 1.98853
600.178 1.83817
601.458 2.03689
601.818 1.81527
602.378 2.01355
603.058 2.0083
604.418 1.98126
604.978 1.89496
605.818 1.85269
606.898 2.241
607.498 1.83908
608.618 2.02338
609.058 1.90399
610.218 2.14401
611.058 1.82492
611.778 1.82077
612.538 1.80832
613.658 1.88022
614.258 1.80404
615.178 1.94458
616.618 2.22974
617.378 1.87927
617.978 1.95319
618.378 1.91714
619.258 2.01315
619.978 1.90695
621.378 1.91773
622.738 1.95844
624.258 2.12414
625.618 1.93436
627.018 1.99777
627.578 1.80554
628.738 1.90613
629.738 1.93451
630.418 2.05301
631.378 1.95929
632.378 1.9607
632.858 2.20615
634.098 1.98901
634.698 1.8924
636.218 1.87817
637.338 1.85663
638.018 1.89999
638.578 1.83087
638.938 1.93283
639.698 1.88083
640.858 1.84143
641.578 2.01862
643.538 2.10171
645.058 2.27228
645.498 1.82336
646.818 1.90793
647.938 1.99734
648.378 1.84915
649.098 1.876
649.898 1.95648
650.058 1.83987
651.218 1.83524
651.618 1.91354
652.658 2.02368
653.338 1.91101
654.138 1.90607
654.938 1.93744
656.098 1.85116
656.698 1.88098
658.018 1.94391
658.738 1.90424
659.578 1.88031
659.858 1.84848
660.898 2.0434
661.658 2.17578
662.218 1.81128
662.978 1.82873
663.698 2.05456
665.258 1.9874
666.338 1.93255
666.938 1.85174
668.458 2.01068
669.578 2.08515
671.138 1.89105
671.818 1.99252
673.338 2.1983
674.218 1.91977
675.018 1.8309
676.058 1.90323
677.218 2.19418
677.698 1.92782
678.938 2.16077
681.418 2.2532
682.178 1.83612
682.898 1.87353
684.178 1.80566
684.978 1.96112
687.058 2.29864
688.338 2.30261
689.098 1.8453
690.258 1.93967
691.218 2.00729
691.778 2.12518
692.778 1.99072
694.338 2.06393
695.258 1.88684
697.018 1.96137
697.418 2.02573
697.978 1.83316
699.578 2.02203
700.218 1.82877
700.618 1.92764
701.618 1.88824
703.258 2.10623
704.298 1.99936
704.618 2.04788
705.778 1.9837
706.258 1.81439
707.298 2.0715
707.738 1.87756
709.018 2.0972
709.378 1.93463
709.938 1.82736
711.058 2.21298
712.218 1.87454
712.818 1.94284
713.738 1.88409
714.418 1.86221
715.738 2.10993
716.218 1.83295
717.258 2.21515
718.858 2.0343
719.458 1.87894
719.938 1.85534
721.018 2.04394
721.898 1.9516
722.298 1.9169
723.178 2.17307
724.578 1.9758
725.378 1.98718
726.218 1.94076
727.098 1.90848
727.498 1.95688
727.978 1.82947
729.258 1.99676
730.658 1.80756
731.578 2.06201
732.378 1.8569
733.218 1.92444
734.858 2.01318
735.818 2.02331
737.498 1.90121
738.378 1.99051
739.218 1.93234
740.218 1.82398
741.178 2.01636
742.298 1.92477
743.218 1.89768
743.898 2.00607
744.898 1.81955
745.538 1.87808
746.018 1.80521
746.618 1.83432
747.938 1.95697
749.338 1.98825
750.418 1.87799
750.858 2.06741
752.618 2.07816
754.018 1.94653
755.578 2.05524
757.258 1.8696
758.258 2.06369
759.138 1.94601
759.978 1.98147
761.138 1.81455
761.898 1.87351
762.458 1.90942
763.898 2.05795
764.698 1.9209
765.578 1.88751
766.418 1.8284
767.578 1.90357
768.098 1.85196
769.978 2.17679
770.818 1.81622
771.458 1.93414
772.938 1.91601
773.498 1.95288
774.658 2.00211
776.218 2.09711
776.778 1.83359
778.618 2.17154
779.738 1.88889
780.938 1.99481
782.178 1.88538
783.618 1.90338
784.178 1.84036
785.498 2.207
787.138 1.9621
787.938 1.89694
788.938 1.97339
789.818 1.82129
790.458 1.80719
791.258 1.94971
791.418 1.8017
792.458 1.99377
792.778 1.98904
794.378 1.93369
795.178 1.88394
795.938 1.96948
797.218 1.93387
798.698 1.85837
799.298 1.96158
799.938 1.81409
800.338 1.83652
800.778 1.82797
801.618 1.94214
802.178 1.85626
802.618 1.81924
803.498 2.03128
803.938 1.93713
804.098 1.85501
805.138 1.90661
806.018 1.92752
807.338 2.04047
808.218 1.88852
809.378 1.80701
810.458 1.95267
811.818 1.88736
812.338 2.19043
813.218 1.88812
814.578 1.86621
815.698 2.04263
816.458 2.15173
817.498 1.93042
817.858 1.81042
818.538 1.84567
819.058 1.92914
820.178 1.94571
821.618 1.879
822.378 1.92777
823.578 1.96487
824.218 2.02533
825.138 1.90423
825.898 2.14011
826.618 1.83954
827.218 2.00766
828.658 1.80481
830.218 1.8887
831.218 1.92597
831.898 2.01105
832.698 1.93018
833.618 1.94003
834.618 1.93598
835.618 2.08011
836.618 2.09055
836.858 1.80112
837.258 1.90253
838.058 1.96561
838.618 1.91
839.298 1.97766
840.178 1.96878
840.978 1.90918
841.298 1.99222
841.738 1.83615
841.978 2.03455
843.178 2.08868
843.978 1.90778
844.978 1.9126
845.578 1.84454
845.738 1.81903
846.618 1.87875
847.258 1.84937
848.338 2.02747
848.858 1.89367
850.138 2.02084
850.618 1.84226
851.898 2.17041
853.258 1.97888
853.858 1.81946
854.658 1.87173
855.298 1.9401
856.298 1.89639
857.058 1.90616
857.778 1.86307
858.778 1.88333
859.858 2.12363
860.978 2.27918
862.338 1.96615
863.138 1.92435
864.258 1.91641
865.098 1.95355
865.938 1.82855
866.418 1.80026
866.898 1.84357
867.658 2.0173
868.218 2.06635
868.818 2.03772
869.658 1.98587
870.338 2.09323
871.498 1.8573
872.058 1.87393
873.178 1.85983
873.578 1.94006
875.258 1.83017
876.698 1.96732
877.058 1.85922
878.338 1.92246
880.258 2.18869
881.058 1.88464
882.498 2.15787
883.658 2.0144
884.498 2.06638
885.018 1.85373
886.778 2.24152
887.298 2.10074
888.378 1.90024
890.218 2.28226
891.858 2.08197
892.298 2.10895
893.018 1.81503
893.778 1.89618
895.258 2.28641
896.618 2.00092
897.418 1.89105
898.858 2.22757
899.938 1.87515
900.538 1.8739
901.578 1.92508
902.418 1.88281
903.898 2.23492
905.178 2.16071
905.618 2.17651
907.298 2.11896
908.258 1.92789
908.698 1.80115
909.218 1.81152
910.018 1.98166
911.778 2.08337
912.258 1.86435
912.738 1.85776
913.178 1.99457
913.538 2.08325
914.258 1.82154
915.338 2.20761
915.818 1.81494
916.778 1.95239
917.338 1.84198
918.018 1.85412
919.218 1.97495
919.858 2.15228
921.658 1.92966
922.578 1.88077
923.218 2.00995
924.578 1.98965
925.298 1.9642
927.018 2.08304
927.898 2.05469
928.538 1.97611
929.578 1.85989
929.938 1.89597
931.338 1.84912
932.258 1.8093
932.498 1.81339
933.058 1.96741
934.578 2.12113
935.018 1.83756
936.338 1.9194
937.938 2.09851
939.578 1.97745
940.538 1.96524
941.298 1.96646
942.298 1.96259
943.138 1.89441
943.498 1.82724
944.418 1.85019
945.618 2.15713
946.858 1.89301
947.618 1.98166
948.538 1.90051
949.298 1.96002
950.418 2.05145
951.618 1.85534
952.178 1.94403
953.018 1.87256
953.538 1.89905
954.698 1.9852
955.178 1.97
956.018 1.80579
956.738 1.86188
958.138 2.20172
959.538 1.99091
961.618 2.02283
961.858 1.82175
962.498 1.98624
964.498 2.20526
966.058 2.00974
966.458 1.98044
968.498 2.21848
969.378 1.81497
971.218 1.97714
971.898 1.90381
972.698 1.86142
973.698 1.97406
975.098 2.10382
975.418 1.95334
976.578 2.19031
978.178 2.14783
979.658 2.21463
980.778 1.86719
982.298 2.00192
983.298 1.98471
984.538 1.95856
985.178 2.0733
986.098 1.88065
988.058 2.09531
988.858 1.918
989.738 1.88617
990.458 1.83353
990.658 1.82757
991.378 1.91205
992.298 1.80539
993.578 2.12329
994.578 1.99915
996.618 1.93597
997.898 2.08096
998.938 2.03012
999.818 1.96784
1001.22 2.21579
1002.54 1.87393
1003.74 1.81607
1004.42 1.94964
1004.62 1.85123
1005.58 1.93658
1006.94 2.20001
1007.34 1.99097
1007.74 1.93369
1008.46 2.26795
1009.1 1.82483
1010.34 2.1962
1011.06 1.93265
1011.86 1.98178
1013.22 1.87408
1013.94 2.06473
1014.86 2.12097
1015.78 1.99173
1016.62 2.15317
1017.66 1.91693
1018.3 2.00046
1019.86 2.01392
1021.34 1.85748
1022.82 2.11484
1023.54 1.9928
1024.34 1.92166
1025.46 2.04138
1026.3 1.97659
1027.3 2.1181
1028.14 2.02072
1028.82 1.85037
1029.9 2.1889
1030.54 1.91028
1031.78 2.03976
1032.42 1.87894
1033.74 2.09696
1034.94 1.97556
1036.42 2.00244
1036.9 2.08054
1037.74 1.93783
1038.7 1.85785
1039.62 1.88709
1041.1 1.95535
1041.7 1.97168
1043.02 2.03848
1044.66 1.91168
1045.3 1.91101
1046.26 1.888
1047.34 1.83133
1047.86 1.92001
1048.38 2.20279
1049.78 1.98978
1050.02 1.8815
1050.82 1.92261
1051.74 2.1308
1052.22 1.85199
1053.22 2.00189
1054.14 1.93521
1054.5 1.82224
1054.9 1.84589
1056.02 2.24545
1056.94 1.97016
1058.06 1.84799
1058.54 1.8573
1059.58 1.92148
1060.18 1.88083
1060.98 1.88446
1061.38 1.83536
1061.94 1.86749
1062.58 1.86734
1063.34 2.03217
1064.38 1.95242
1065.06 2.07987
1065.98 1.9769
1066.94 2.0838
1067.74 1.94214
1068.42 1.86182
1069.42 2.03738
1070.3 2.2413
1071.1 2.08102
1071.74 1.9411
1072.82 1.93164
1073.74 1.99734
1074.74 2.01605
1075.34 1.82217
1076.62 1.84882
1077.46 2.03629
1077.7 1.82733
1078.5 1.9617
1079.5 1.91702
1080.18 1.8168
1081.3 2.19061
1082.66 1.97003
1083.14 1.80731
1084.06 1.85614
1084.5 1.96765
1085.7 2.04758
1086.18 1.8374
1087.06 2.03046
1087.9 1.80209
1088.9 2.11594
1089.5 2.02069
1091.02 2.19049
1091.46 1.83307
1092.62 2.13006
1094.58 1.99817
1095.78 1.99329
1096.14 1.85886
1096.58 1.85467
1097.38 1.93942
1097.82 2.10809
1098.14 2.04138
1098.78 2.10288
1099.34 1.89533
1099.98 1.9733
1100.5 1.80399
1101.54 1.82123
1101.86 1.80756
1102.46 1.93472
1103.62 2.24735
1105.1 2.01923
1106.14 2.06812
1106.58 1.9097
1107.14 1.84866
1107.66 2.01715
1108.26 2.01425
1109.46 2.2197
1110.54 1.94842
1111.22 2.08914
1112.1 1.94226
1113.18 1.99606
1114.1 2.18173
1114.5 1.8082
1115.86 1.86224
1116.94 2.36972
1118.78 2.14343
1119.9 1.80478
1120.5 1.89133
1121.66 2.29471
1122.18 1.85138
1123.38 1.82599
1124.02 2.01187
1124.9 1.98733
1126.7 2.00732
1127.06 1.84402
1127.66 1.90277
1128.42 1.91486
1130.14 2.33011
1131.3 1.82355
1132.02 2.00665
1132.74 1.85391
1133.46 1.93146
1134.3 1.93524
1135.46 1.94287
1136.42 2.03317
1137.22 2.0379
1137.9 1.89236
1138.82 2.03412
1140.14 2.14133
1140.78 1.84167
1141.74 2.14032
1142.82 1.96335
1143.62 1.94708
1144.34 1.84674
1144.7 1.85608
1145.18 1.95581
1146.38 2.07928
1147.06 1.92661
1147.94 1.83228
1149.46 2.07553
1150.34 2.08734
1150.86 1.92682
1151.18 1.89429
1151.94 2.056
1152.58 1.98334
1153.98 1.97379
1154.66 2.00326
1155.82 1.81045
1156.18 1.86896
1156.94 1.80508
1157.7 2.0231
1157.94 1.94736
1159.14 1.80887
1159.9 1.84305
1161.02 1.84781
1163.06 2.30826
1164.06 2.15839
1164.82 2.05084
1165.9 1.84238
1166.3 1.88019
1167.74 2.22998
1168.58 1.83777
1169.3 1.8833
1170.5 1.86145
1171.42 1.83588
1172.14 1.93079
1172.86 1.80939
1173.86 1.83877
1174.74 2.04803
1175.58 2.13754
1177.5 1.95935
1178.5 2.1022
1179.06 1.80942
1179.7 1.80765
1180.54 2.02441
1181.06 1.90616
1181.7 1.85275
1181.82 1.85898
1182.42 1.92908
1183.14 1.88861
1183.78 1.97711
1185.3 1.90344
1186.34 2.004
1187.14 1.87195
1187.94 1.89368
1188.46 2.1745
1189.5 1.82196
1190.1 2.07159
1190.54 1.86713
1191.02 1.92947
1192.02 1.96829
1193.26 1.83322
1193.94 2.02783
1194.62 1.80048
1195.58 1.8587
1196.82 2.19348
1197.66 1.98303
1198.62 2.00879
1199.38 1.94443
1200.22 1.82571
1201.18 1.80295
1201.9 1.9314
1202.78 1.8757
1203.18 1.95819
1203.7 1.93576
1204.98 1.9357
1206.5 2.00024
1206.86 1.8157
1207.82 1.90979
1209.58 2.18808
1210.86 1.95624
1211.82 1.99912
1212.82 2.06949
1213.3 2.06018
1213.94 1.86511
1214.34 1.81647
1215.9 2.05139
1216.9 1.92905
1217.62 1.88577
1219.62 1.93961
1219.98 1.89063
1221.5 1.89615
1222.66 2.05255
1224.22 2.08875
1224.5 1.98434
1225.82 1.95954
1226.66 1.87665
1227.54 1.90793
1228.34 1.86456
1229.42 2.15503
1230.02 2.06961
1230.78 1.82355
1231.5 1.90582
1232.58 1.95993
1233.46 2.11505
1236.46 1.9574
1237.74 2.13562
1238.66 2.07214
1239.34 1.84305
1240.58 1.84341
1241.3 1.99329
1241.9 2.21021
1243.06 2.02591
1243.82 1.84619
1244.54 1.91422
1246.26 1.94308
1247.06 2.00781
1248.46 1.84027
1249.66 1.83209
1250.34 1.96979
1251.54 1.94254
1253.9 2.26093
1254.9 1.91467
1256.98 2.11511
1257.42 1.8786
1258.3 1.98056
1259.38 1.82446
1260.14 2.18411
1261.26 1.89063
1262.5 2.19541
1263.5 1.94745
1264.14 1.95911
1265.3 1.88565
1266.3 2.11215
1266.86 1.8331
1268.02 1.99112
1268.5 1.98361
1269.94 2.01462
1270.9 1.91464
1271.42 2.02042
1272.58 1.80707
1273.3 1.86673
1274.38 1.86536
1274.54 1.8909
1274.94 1.82538
1275.78 1.92154
1276.46 1.82782
1277.14 1.94992
1278.3 2.07779
1278.86 1.86374
1280.1 2.17609
1281.1 2.18539
1281.78 1.88242
1282.46 1.87912
1283.46 1.86261
1284.26 1.88385
1285.22 1.97995
1286.1 2.12595
1286.58 1.84015
1287.74 2.17419
1288.5 1.94516
1289.42 2.03784
1290.98 2.03754
1292.18 2.03418
1292.98 1.94949
1293.98 1.91257
1295.02 1.81714
1296.06 1.99121
1297.42 1.84229
1298.14 1.94772
1298.66 1.97104
1300.06 2.0722
1301.22 2.26239
1302.74 1.99667
1304.46 1.91681
1305.66 1.97131
1306.26 1.8811
1306.5 1.83966
1307.42 1.97827
1307.74 1.80597
1308.46 2.03168
1309.26 2.02872
1310.98 2.2175
1312.3 1.9548
1312.78 1.83774
1313.94 2.09491
1315.22 1.93939
1315.98 1.92563
1316.7 1.82892
1317.86 2.24957
1318.46 1.83902
1319.9 2.14304
1321.02 1.94196
1321.9 1.92822
1323.18 1.92786
1324.02 1.90585
1324.98 1.80774
1326.62 2.1868
1327.94 1.93683
1329.34 2.13742
1329.94 2.11676
1331.06 1.9725
1332.06 1.97323
1332.82 2.03238
1333.14 1.84686
1334.18 2.06943
1334.66 1.83154
1335.94 2.06238
1337.02 2.23792
1337.54 1.87149
1338.54 1.99591
1339.1 2.3075
1340.3 2.15497
1341.7 1.97867
1342.26 2.05557
1343.18 2.01089
1343.86 1.94086
1344.66 1.87915
1345.22 2.07532
1345.9 1.90942
1346.54 1.97253
1346.98 1.80408
1348.38 2.07287
1349.42 2.22443
1350.58 1.85806
1351.46 2.26526
1352.26 1.99881
1353.14 1.8219
1354.1 2.03281
1354.98 1.96231
1355.7 1.90775
1356.86 2.11447
1358.66 2.38666
1359.3 1.88632
1359.78 2.02701
1360.42 1.96854
1361.38 2.03262
1362.3 2.0127
1362.66 1.96158
1362.98 2.05411
1363.7 2.02673
1364.58 1.8653
1365.78 2.26541
1366.42 1.9968
1367.34 1.80615
1368.22 1.94116
1369.58 2.24042
1370.62 1.93793
1371.78 1.98166
1372.9 1.90964
1374.7 1.88711
1375.46 1.99353
1376.42 1.87439
1377.22 1.89755
1377.94 1.86865
1378.78 2.02972
1379.14 1.91666
1379.7 1.97333
1380.74 1.96155
1382.9 1.80722
1383.5 1.80069
1384.06 1.96942
1384.42 1.94229
1385.26 2.00531
1385.98 1.8577
1387.74 2.21576
1389.14 2.24277
1390.14 2.01434
1391.26 2.12308
1392.62 2.15222
1393.1 1.98825
1394.38 1.8645
1394.98 1.8573
1396.06 1.97638
1397.06 1.80951
1398.58 1.80731
1399.34 1.97937
1399.78 1.94958
1400.34 1.88034
1401.22 1.94165
1401.9 1.80783
1403.62 2.05286
1404.7 2.19806
1405.46 2.04776
1406.7 2.03342
1407.46 1.90631
1408.74 2.18018
1409.22 2.09192
1410.22 1.90573
1410.42 1.87802
1411.1 1.95898
1412.5 2.14383
1412.98 1.86408
1413.98 1.84616
1415.02 1.85468
1415.78 1.9733
1416.54 1.96042
1417.3 1.88434
1418.34 2.00711
1419.1 2.01602
1419.9 1.92215
1420.66 1.88342
1422.06 2.33099
1422.62 2.04046
1423.42 1.98001
1423.98 2.0636
1425.18 1.94699
1426.34 1.81888
1427.18 1.93997
1428.34 1.88278
1429.06 2.21646
1430.06 1.92014
1431.06 2.26105
1431.7 1.83817
1433.02 2.08502
1433.5 2.0415
1434.66 1.91724
1436.3 1.85605
1437.38 2.27411
1438.06 2.03851
1439.5 1.89978
1440.7 1.90015
1441.34 1.95868
1441.7 1.81537
1442.62 2.06598
1443.3 1.80152
1444.14 1.89276
1444.78 2.00159
1445.22 1.83753
1446.1 1.87738
1446.98 2.05182
1447.62 1.89768
1448.42 1.93256
1449.14 1.84262
1449.82 1.88513
1450.34 1.85083
1450.82 1.91324
1452.14 1.9237
1452.7 1.86023
1453.94 2.08716
1454.26 1.81555
1455.94 1.91815
1456.58 2.08401
1457.42 1.87427
1458.3 1.89945
1458.94 1.84589
1460.06 1.97025
1460.9 1.92581
1461.74 1.93128
1462.86 1.84912
1463.38 1.82138
1464.54 2.05938
1465.86 1.9075
1466.5 1.93875
1467.66 1.87692
1469.06 2.21613
1469.78 1.8313
1470.3 1.93378
1470.98 2.02341
1472.54 2.00665
1473.26 1.8963
1473.46 1.82642
1474.14 2.00955
1475.42 1.99179
1476.06 1.86078
1476.82 1.92432
1477.62 1.83606
1478.06 1.84738
1479.34 2.01166
1481.02 2.10849
1481.74 1.91031
1482.3 1.81101
1482.62 1.83054
1483.5 1.85062
1483.94 1.80032
1484.18 1.80865
1485.02 1.93921
1485.58 1.82077
1486.06 1.84689
1487.34 2.10812
1487.9 1.81961
1488.74 1.89642
1489.66 2.17737
1490.98 1.87201
1492.18 1.94647
1492.9 1.87649
1493.98 1.92145
1495.02 1.81412
1496.1 2.19693
1496.82 1.86749
1497.74 1.93115
1498.62 1.83774
1499.14 1.88077
1500.54 1.97675
1501.78 2.1246
1503.06 1.85663
1503.82 1.92999
1504.58 1.96063
1505.9 2.03415
1506.58 1.98666
1507.82 1.98093
1508.42 1.93189
1509.18 1.80646
1510.02 2.02441
1511.1 2.07953
1511.86 1.98523
1513.38 2.14267
1514.3 1.95981
1515.26 1.853
1516.26 1.88953
1516.82 1.89279
1517.46 2.01511
1518.54 1.98413
1519.18 1.88763
1520.22 1.8728
1521.3 1.94376
1522.46 2.15887
1523.7 2.1416
1525.1 1.88376
1525.58 2.04416
1526.7 1.97607
1527.14 2.16614
1528.3 1.85324
1530.26 2.15863
1531.3 1.98908
1531.82 1.82785
1533.42 1.9314
1534.46 1.93774
1535.02 1.94656
1536.02 1.91013
1536.78 2.20074
1537.54 1.87189
1538.38 2.07242
1539.62 2.24551
1540.14 1.80115
1541.26 2.16134
1541.94 1.88229
1543.22 2.29984
1544.74 2.03546
1545.22 1.95328
1546.02 1.86176
1546.9 2.17374
1547.94 2.06787
1548.58 2.08929
1549.38 1.83066
1549.82 1.96683
1550.7 1.8002
1552.38 2.35849
1553.5 2.07236
1554.18 1.93692
1554.86 1.87546
1556.02 2.10001
1557.34 2.18906
1558.14 1.87534
1558.78 1.95047
1559.38 1.80081
1560.18 2.03033
1560.7 1.87222
1561.7 2.03317
1563.58 1.91495
1564.42 1.99301
1564.94 1.86664
1565.58 1.87744
1566.3 2.01065
1567.42 2.21567
1568.82 1.96649
1569.46 1.92084
1570.66 2.08932
1571.02 2.01227
1571.54 1.81464
1572.98 2.10105
1573.82 2.10782
1575.14 2.13193
1575.66 1.94229
1576.5 1.96069
1577.22 1.97458
1578.14 1.97568
1578.78 2.12467
1579.82 1.99741
1580.7 2.02167
1582.3 1.96536
1583.42 1.96802
1583.94 1.84888
1584.38 1.90866
1585.5 1.9718
1587.1 2.05753
1587.42 1.84781
1588.18 1.95523
1588.86 1.98135
1589.78 1.8385
1591.1 2.13544
1591.7 1.84824
1592.46 1.905
1593.18 2.0119
1594.62 1.94931
1595.86 2.10788
1596.42 2.02445
1596.98 1.82224
1597.94 1.85147
1598.5 1.83658
1599.46 2.12763
1599.9 1.81241
1600.38 1.81918
1600.66 1.83008
1601.54 2.02887
1602.62 1.93549
1603.14 1.89884
1603.62 2.25128
1604.34 1.80429
1605.18 1.96603
1606.58 2.12942
1607.86 1.8941
1608.5 1.92661
1609.66 1.85611
1610.38 1.87024
1611.02 1.89212
1611.5 2.0405
1612.86 2.12573
1613.14 1.83179
1614.46 2.22482
1616.1 2.12771
1617.14 1.96393
1618.5 1.83111
1619.38 2.06173
1619.82 1.97421
1620.58 1.86185
1621.26 1.88226
1622.06 2.02417
1622.62 1.84158
1623.98 1.91614
1625.46 1.88736
1625.86 1.84567
1627.26 2.29028
1628.82 1.85657
1629.9 1.905
1630.9 2.18787
1631.82 1.93637
1632.3 2.20105
1633.26 1.91476
1634.06 1.95071
1634.78 1.83765
1635.58 1.95209
1636.74 2.09073
1637.74 1.99277
1638.5 2.0177
1639.66 2.11633
1640.3 1.85956
1640.98 1.8959
1641.86 1.82837
1642.94 1.90011
1643.7 1.92972
1644.14 1.871
1646.06 2.13989
1646.7 1.83429
1647.82 2.0527
1648.26 1.85156
1648.74 1.95181
1649.1 1.90317
1649.9 1.9632
1650.58 1.85825
1651.86 1.95252
1652.42 1.86353
1653.3 1.82706
1654.14 2.11093
1655.02 1.87662
1655.94 1.96597
1656.86 1.845
1657.58 1.89557
1658.58 1.88718
1660.06 1.91156
1660.78 1.92246
1661.98 2.35873
1662.7 1.9205
1663.82 2.17264
1665.02 1.87964
1665.66 1.82422
1666.42 1.8584
1666.82 1.8591
1667.5 1.901
1668.3 1.88022
1669.86 2.04981
1671.1 2.03686
1671.78 1.87546
1672.54 1.9158
1673.5 1.9667
1674.62 2.1705
1675.54 1.9288
1676.5 2.19766
1678.82 2.05566
1679.74 2.01364
1680.62 1.95633
1681.46 1.98102
1682.66 2.28671
1683.38 1.80264
1684.3 2.00534
1684.86 2.0054
1686.22 2.05322
1686.58 1.8067
1688.18 2.01715
1688.46 1.84647
1689.98 2.2576
1691.06 2.00415
1691.54 1.82983
1692.18 1.97272
1692.86 1.83667
1694.26 2.23129
1694.74 2.00525
1695.98 2.00272
1696.54 1.98563
1697.06 1.81174
1697.62 1.99371
1698.58 2.16394
1699.22 1.83682
1700.22 1.81885
1700.98 1.98831
1702.14 2.29617
1702.9 1.93677
1703.78 1.97744
1705.02 1.92053
1705.42 1.90268
1706.22 1.98135
1706.66 1.93811
1707.26 1.95569
1708.38 2.07962
1709.54 1.82559
1710.06 1.92847
1711.86 2.30457
1712.66 1.96283
1713.5 1.87491
1714.58 1.92163
1715.14 1.86392
1715.94 1.9007
1718.38 2.22922
1720.06 1.91956
1721.26 2.03696
1721.94 1.8454
1722.54 1.8537
1723.38 1.82477
1724.62 1.98261
1725.62 2.28949
1726.06 1.86407
1726.82 1.93362
1727.9 2.07147
1728.62 2.01108
1729.66 1.83438
1729.86 1.81488
1730.46 2.03641
1731.14 1.983
1732.5 2.0109
1732.82 1.87451
1733.86 2.19537
1734.66 1.9039
1735.34 1.9505
1735.9 1.83932
1736.46 1.96875
1737.54 2.00449
1738.38 1.99332
1739.46 2.00665
1739.9 1.80753
1740.58 1.86807
1741.62 1.9985
1742.06 2.08227
1742.42 1.91644
1742.78 1.95932
1743.22 1.93164
1743.66 1.84509
1744.26 1.90799
1745.34 2.12729
1746.06 2.05963
1747.78 1.83295
1748.94 2.03213
1749.26 1.8555
1749.66 1.82565
1750.46 1.95804
1751.54 2.02051
1752.02 1.82153
1752.7 2.14673
1753.34 1.93662
1754.22 2.2471
1755.34 2.07742
1756.34 1.84811
1757.38 1.91455
1758.34 1.82269
1758.86 1.84094
1759.7 1.862
1760.5 2.00925
1761.9 2.20767
1763.22 1.89065
1763.7 1.84054
1764.42 2.01654
1765.74 1.9946
1766.18 1.86752
1767.14 1.92853
1767.74 2.08212
1768.74 1.95227
1769.86 1.82092
1770.78 2.09085
1772.54 2.07333
1773.86 2.04004
1774.58 2.29535
1775.34 2.11697
1775.9 2.07071
1777.38 1.94296
1778.34 1.85223
1779.34 1.82935
1780.26 1.98392
1781.06 2.20142
1782.1 2.29788
1782.66 1.89887
1783.9 1.99979
1784.26 1.81772
1785.06 1.84967
1786.06 1.96268
1787.3 2.03818
1787.78 1.99557
1788.46 1.96005
1789.06 1.90213
1789.98 2.02963
1791.02 2.10654
1791.74 1.87891
1793.9 1.81186
1794.94 2.02707
1795.9 2.06516
1797.14 2.2875
1797.94 2.09058
1798.7 1.85812
1799.5 1.96549
1799.98 2.0827
1800.58 1.84073
1800.82 1.85574
1801.54 2.14401
1803.1 1.99972
1803.42 1.80164
1804.18 2.07291
1804.82 2.02585
1805.14 1.84192
1806.18 2.06403
1806.7 1.88934
1807.06 1.8027
1807.34 1.91992
1808.06 1.97125
1808.82 2.06662
1809.34 1.91928
1809.98 2.08975
1811.34 2.28061
1811.7 1.82104
1813.22 2.02411
1814.94 2.26202
1815.9 1.98309
1816.5 1.93756
1818.14 2.13437
1819.1 2.03107
1819.9 2.04153
1821.5 2.09296
1822.26 1.98206
1822.94 1.96017
1824.18 2.33237
1824.94 1.83914
1825.34 1.81827
1826.38 2.07425
1826.94 1.87668
1828.22 2.0054
1828.98 1.88733
1829.42 1.81448
1831.18 1.96347
1831.98 1.88812
1832.66 1.85657
1833.94 1.9508
1834.38 1.83636
1835.1 1.99622
1835.82 2.07593
1837.06 1.91138
1837.7 1.90228
1838.42 2.03455
1839.22 1.95486
1840.66 1.85223
1841.38 1.95886
1842.02 2.00998
1843.1 2.00549
1843.5 1.82596
1844.74 2.01676
1845.22 1.9223
1846.34 2.2406
1846.94 1.95981
1848.5 1.90057
1849.7 1.99356
1850.62 1.80005
1851.82 1.99951
1853.46 2.12241
1854.46 2.02362
1854.98 2.03546
1856.42 2.35107
1858.38 2.22632
1859.3 2.15698
1859.94 2.07022
1861.06 2.07651
1861.62 2.10263
1862.46 1.88858
1863.34 1.949
1864.1 1.86548
1864.74 1.99042
1866.46 1.90536
1866.74 1.8736
1867.54 1.95138
1868.06 1.9884
1868.5 1.92383
1869.42 2.32874
1870.22 2.13538
1870.58 1.86643
1871.3 1.87204
1872.14 1.82855
1873.02 2.05362
1873.58 2.129
1874.06 1.8898
1874.82 1.94672
1875.62 1.99539
1876.62 2.02994
1877.3 1.95935
1878.3 1.98556
1879.06 2.07989
1879.46 1.92065
1879.98 1.93124
1880.54 1.92078
1881.42 2.03161
1882.46 1.89224
1882.98 1.84579
1883.54 1.92877
1883.94 1.82214
1884.58 1.95468
1885.78 2.00568
1886.5 2.09256
1887.14 1.99939
1887.66 1.85245
1888.18 1.88953
1888.98 1.96939
1889.58 1.81546
1890.62 2.2478
1891.82 2.12112
1892.7 1.90039
1893.3 1.91339
1894.1 1.85986
1894.38 1.86829
1895.3 2.04208
1896.3 2.08905
1896.98 2.12918
1897.38 1.93732
1897.94 1.8577
1898.74 2.10446
1899.38 2.20404
1900.06 1.93738
1900.82 2.07407
1901.62 1.97189
1902.38 1.98276
1903.5 2.09872
1904.62 2.06485
1905.46 2.19037
1906.98 2.1615
1908.02 1.91058
1908.7 1.9306
1909.94 2.1442
1910.7 2.02798
1911.38 2.02661
1912.26 2.00278
1913.18 2.14566
1913.74 1.91101
1914.78 2.10748
1915.14 1.96024
1915.34 1.89417
1916.66 2.13141
1917.3 1.8233
1917.9 1.94675
1918.82 2.10916
1919.94 2.1831
1920.9 1.8613
1921.74 2.08844
1923.26 2.30331
1923.7 2.03357
1924.74 1.89435
1925.66 1.94391
1926.54 1.9371
1927.58 2.33203
1928.14 1.91461
1928.66 1.8732
1929.18 2.02334
1929.54 1.9646
1930.3 2.11838
1930.86 1.92938
1932.7 2.1369
1933.78 2.01114
1934.54 2.11017
1935.7 1.99869
1936.14 1.84989
1936.98 2.15726
1938.14 2.34864
1938.98 1.96039
1940.54 1.87424
1940.78 1.82214
1942.34 2.31348
1942.9 2.19293
1943.46 1.84982
1944.66 2.06372
1945.7 1.90198
1946.38 2.05801
1948.46 1.85873
1948.86 1.96381
1950.38 2.00153
1951.7 1.95865
1953.14 1.92319
1954.62 2.2164
1956.22 2.00329
1956.86 1.93228
1957.86 2.09149
1958.98 1.84677
1959.46 1.9278
1959.78 1.86386
1960.74 2.08417
1961.26 1.99442
1961.9 1.91287
1962.94 2.15894
1963.98 2.08853
1964.9 2.07791
1965.82 2.25186
1966.54 2.02417
1967.5 2.04468
1968.58 1.89883
1969.22 2.01242
1970.38 2.04578
1970.82 1.80542
1971.3 1.89972
1971.98 2.09354
1972.3 1.91571
1972.7 1.84616
1973.9 2.00531
1975.58 2.07367
1976.38 1.8501
1977.02 2.08566
1978.74 2.14136
1980.54 2.26132
1981.14 1.86319
1982.18 1.87436
1982.7 1.82065
1983.46 1.99905
1984.26 1.95987
1984.62 1.82724
1985.26 1.91345
1986.06 1.83807
1987.02 1.88458
1987.94 2.05069
1988.98 1.82791
1989.86 1.96527
1990.66 2.03116
1991.58 1.98654
1992.54 1.91089
1993.42 1.94571
1994.86 2.21484
1995.9 2.16138
1996.54 2.03946
1998.26 2.10016
1999.06 1.97003
1999.98 1.95206
2000.22 1.84888
2001.18 2.22357
2002.5 2.16415
2003.5 1.89069
2004.38 1.85373
2005.22 2.04297
2006.22 1.94479
2007.06 2.0527
2007.9 2.07886
2009.18 2.13406
2009.78 2.19937
2010.82 1.93274
2011.42 2.04221
2012.22 2.0083
2013.06 1.93549
2014.5 2.18628
2015.02 1.93765
2016.26 2.34232
2016.78 2.18988
2018.06 2.35818
2019.5 1.8699
2020.26 2.13751
2021.3 2.194
2021.94 1.83624
2022.34 1.87369
2022.78 1.86154
2023.5 2.15527
2024.26 2.04239
2024.98 1.98187
2025.9 2.14682
2026.62 2.0246
2027.5 1.97601
2028.66 2.0705
2029.1 1.91644
2030.3 1.81171
2030.7 1.8725
2031.98 2.2681
2032.5 2.03503
2033.54 2.20371
2034.18 1.81839
2034.58 1.8869
2035.42 1.87869
2037.02 2.30939
2037.62 1.85947
2038.54 1.91394
2040.26 1.84329
2040.66 1.87277
2041.38 2.24982
2042.1 1.84128
2042.98 1.97629
2043.58 1.98071
2044.98 2.11951
2046.74 2.00537
2047.9 1.89334
2048.5 1.90121
2049.86 2.3573
2051.54 1.90732
2052.14 1.82233
2052.94 2.09339
2053.46 2.13501
2054.18 1.94562
2054.34 1.82754
2054.82 1.90491
2055.86 2.00787
2056.34 1.95963
2057.06 1.85534
2057.74 1.93408
2058.42 2.08176
2059.14 1.89789
2060.1 1.86859
2060.7 1.85272
2061.66 2.14023
2062.82 1.9336
2064.66 1.87094
2065.62 1.99756
2066.18 1.81067
2067.14 2.26837
2067.54 1.89945
2067.98 1.97388
2068.86 2.08972
2069.7 2.00513
2070.66 2.07758
2071.3 1.89258
2072.38 2.10257
2072.74 1.80924
2073.38 2.11322
2073.94 1.91437
2074.58 1.80038
2074.9 1.89368
2075.74 2.04254
2076.58 1.92651
2077.7 2.04541
2078.38 2.01727
2079.14 1.88782
2080.02 1.94763
2080.9 1.96109
2081.82 1.9252
2082.5 1.92288
2083.98 2.25806
2085.7 1.84283
2087.18 1.97751
2087.86 2.13971
2088.82 1.89697
2089.62 1.93369
2090.74 2.16116
2091.54 1.8692
2091.78 1.82504
2092.46 2.00678
2093.06 1.83972
2094.1 2.11054
2095.02 1.84384
2095.74 2.01325
2096.86 1.88205
2097.66 1.82858
2098.42 1.9259
2100.06 2.08639
2101.22 2.00207
2102.06 1.85284
2103.34 2.0286
2104.5 2.20264
2105.62 1.82575
2106.34 1.94696
2107.38 2.1229
2107.82 1.87631
2108.5 1.8494
2109.54 2.00726
2110.26 1.84189
2110.94 1.94107
2112.3 2.08536
2113.38 1.85239
2114.3 1.88873
2114.98 1.9624
2116.34 1.82187
2116.78 1.82541
2118.14 1.96811
2118.46 1.90909
2119.54 1.82855
2120.42 2.06506
2120.98 1.92316
2121.74 1.95312
2122.42 1.87115
2123.9 2.07764
2124.9 1.87488
2126.06 2.2796
2126.82 1.82196
2127.66 2.00558
2128.5 1.84564
2129.42 2.0054
2129.82 1.89829
2130.34 1.88571
2131.66 2.1896
2133.46 2.25455
2134.62 2.08823
2136.26 2.12814
2137.34 2.04785
2138.26 1.98016
2139.14 1.83124
2140.5 1.89865
2142.78 2.14203
2144.7 2.03629
2145.38 1.80582
2145.9 2.03116
2147.78 1.91153
2148.74 1.91849
2149.74 1.89182
2150.54 1.83899
2151.3 1.87641
2152.14 2.07355
2153.02 1.81088
2153.78 1.81198
2155.02 1.87112
2156.1 1.94971
2156.7 1.99084
2157.42 1.99448
2158.1 1.89774
2158.54 1.857
2159.46 1.86414
2160.38 1.99091
2161.62 2.28302
2162.5 1.91415
2163.18 2.06964
2164.14 1.85104
2165.22 1.8826
2166.02 1.91598
2167.38 2.14966
2168.5 1.81247
2169.1 1.90405
2170.94 2.02731
2171.22 1.82974
2172.1 1.92767
2172.66 1.80469
2173.3 2.01746
2173.78 1.81839
2175.1 2.0134
2175.66 1.98227
2177.3 1.98404
2178.34 1.87674
2178.82 2.09555
2179.7 1.98572
2180.1 1.8623
2180.9 1.86102
2181.54 1.89423
2181.86 1.86579
2182.9 2.01199
2183.82 1.92816
2184.42 2.03369
2185.26 1.99796
2186.1 1.87863
2188.26 1.96527
2188.82 1.80972
2190.22 1.86801
2191.66 2.06009
2193.1 2.22372
2194.26 1.96118
2196.34 2.1828
2197.02 2.05438
2198.1 1.82898
2200.18 2.05154
2200.46 2.07568
2201.46 1.96652
2202.86 1.94986
2203.74 1.98795
2204.62 1.80527
2205.38 1.86545
2206.5 2.20935
2207.58 1.802
2208.3 1.83118
2209.5 1.91983
2210.86 2.00937
2211.9 2.05377
2212.54 2.01059
2213.54 1.96487
2214.3 1.89807
2215.3 1.96793
2216.66 1.9643
2217.62 1.95685
2218.74 1.88489
2219.9 1.96335
2220.42 1.83685
2222.02 1.8739
2222.78 2.04547
2223.42 1.88574
2224.38 1.89447
2225.46 2.07217
2226.22 1.94852
2228.46 2.15201
2230.22 2.12515
2230.9 1.80466
2231.38 1.81644
2231.78 1.98297
2232.98 2.00632
2233.62 2.21075
2234.46 1.88186
2236.38 1.83518
2237.02 1.95072
2237.78 1.86017
2238.54 1.87421
2240.7 2.00305
2241.86 2.19043
2242.54 1.93747
2243.9 2.09897
2244.66 1.97497
2246.78 1.84747
2248.06 2.20496
2249.46 2.00739
2250.38 2.0108
2251.66 1.91577
2252.34 1.80295
2253.1 1.85214
2253.5 1.9386
2254.1 1.88544
2255.38 2.116
2256.06 1.93741
2256.9 1.99466
2258.3 1.92169
2258.66 1.86783
2260.06 2.02457
2260.46 1.81091
2260.9 2.13205
2261.9 1.88028
2263.06 1.95477
2264.54 2.13312
2265.3 2.01031
2266.1 1.91571
2268.26 1.90399
2268.98 1.94949
2269.86 1.91061
2271.42 2.23322
2272.42 1.87457
2273.02 1.99997
2273.42 1.82205
2274.46 1.87131
2276.62 1.85199
2277.54 2.21762
2278.5 1.92636
2280.06 2.20743
2281.18 2.18118
2282.1 1.86319
2282.86 1.89596
2284.1 1.94052
2284.58 1.84848
2285.46 1.87634
2287.06 2.21497
2288.1 1.99219
2288.46 1.81915
2289.26 1.81262
2290.5 1.80237
2290.98 1.81003
2292.1 1.85068
2292.66 1.8501
2293.86 2.22018
2294.46 1.88241
2295.7 1.90121
2296.5 1.93704
2297.38 1.87262
2298.22 1.93616
2299.66 1.99844
2300.22 1.909
2300.98 1.93833
2301.54 1.84531
2302.58 1.83408
2304.1 1.91614
2305.9 1.94409
2306.7 2.203
2307.82 1.83264
2308.46 2.12656
2310.1 2.05585
2311.38 1.92499
2312.42 1.93765
2313.18 1.93469
2314.58 1.99222
2316.74 2.24545
2318.22 1.84424
2318.82 1.91104
2320.7 2.04651
2322.18 1.94446
2323.02 1.87586
2323.62 1.95544
2325.26 2.14477
2326.66 2.26184
2327.7 1.86176
2328.5 1.94455
2329.26 1.89197
2329.58 1.82034
2330.5 1.91336
2331.22 2.10785
2331.78 1.85214
2332.62 1.83383
2334.46 1.81555
2335.06 1.89358
2336.7 1.9711
2337.54 1.8811
2338.5 1.82968
2339.42 1.85321
2339.86 1.90622
2340.42 2.05972
2341.1 1.80826
2341.62 1.90585
2342.94 1.87958
2343.46 1.84982
2345.3 2.17361
2346.26 2.01636
2347.18 2.02649
2348.3 2.00745
2350.18 2.27423
2351.06 1.90558
2351.86 1.92053
2352.7 1.88327
2353.54 2.19083
2354.82 1.8786
2355.46 1.82922
2356.78 2.3353
2357.66 1.84924
2358.46 1.92023
2360.22 1.97018
2360.66 1.82553
2361.7 2.08624
2362.06 1.83579
2362.86 1.90253
2363.42 2.09918
2363.74 1.91138
2364.62 1.97305
2365.34 1.86395
2366.42 1.90378
2367.74 2.01306
2368.22 1.91211
2370.22 2.21735
2370.98 1.81937
2371.74 1.9975
2373.62 2.07053
2374.7 2.18238
2376.38 1.84259
2377.62 2.09604
2378.38 1.98514
2379.38 1.90268
2380.14 1.93887
2381.06 1.83652
2381.54 1.80435
2382.02 1.89105
2383.14 1.81244
2383.82 1.84293
2384.26 1.80951
2385.5 2.26099
2386.82 2.08652
2388.1 2.08188
2388.58 1.94431
2389.74 1.8223
2391.06 1.85709
2391.3 1.82193
2392.26 1.97977
2393.02 2.14285
2394.66 2.07617
2395.5 1.8855
2396.26 1.93112
2397.26 1.83795
2398.5 2.1633
2399.98 1.88693
